1869 1967
593 1682
1200 3389
4026 417
4027 469
4025 418
4023 419
4020 420
4021 421
1615 3635
854 3829
4028 422
4029 423
344 1030
345 1031
346 1032
347 1033
340 1034
341 1035
3999 430
3998 431
3997 424
3996 425
3995 426
3994 427
3993 442
3992 443
3991 428
3990 429
3002 2776
1653 3555
736 3928
2318 2
2319 3
2316 4
2317 5
2314 6
2315 7
2312 8
2313 9
2310 10
2311 2329
2184 2375
298 1038
299 1039
296 1040
297 1041
294 1042
295 1043
293 1044
290 1045
291 1046
3773 471
3772 472
3771 473
3770 474
3777 475
3776 476
3775 477
3774 478
3779 479
3778 480
270 1047
271 1048
272 1049
273 1050
274 1051
275 1052
276 1053
277 1054
278 1055
279 1056
1992 3170
738 3930
3211 2566
2268 12
2262 2331
2263 13
2260 14
2261 2332
2266 2333
2267 15
2264 16
2265 17
2442 2334
2443 2335
2440 18
2441 19
2446 2336
2447 3096
2444 3169
2445 20
2448 21
2449 2337
2189 86
108 1057
109 1058
102 1059
103 1060
100 1061
101 1062
106 1063
107 3188
104 1064
105 1065
2046 2338
2047 22
2044 2339
2045 2340
2042 23
2043 2341
2040 2342
2041 24
1297 3189
2048 25
2049 26
2992 2661
3155 2568
3154 2569
2836 2983
3159 2570
752 3915
3519 482
3518 483
3513 484
3512 485
3511 486
3510 487
3517 488
3516 489
3515 490
3514 491
2688 2571
2689 2103
2684 2572
2685 2573
2686 2574
2687 2575
2680 2104
2681 2105
2682 2576
2683 2106
3391 2577
342 1036
1437 3557
343 1037
1434 3558
99 1066
98 1067
3392 2108
91 1068
90 1069
93 1070
92 1071
95 1072
94 1073
97 1074
96 1075
3207 2909
1990 28
1993 2405
3204 2923
3203 2687
1994 150
1625 1369
1996 388
1999 3097
348 1366
1629 3627
1628 1780
3209 2579
349 1367
1787 3698
1293 3194
2860 2582
2861 2583
2862 2109
2863 2584
559 1370
558 1371
1217 1886
2867 2111
555 1372
554 1373
557 1374
556 1375
551 1376
553 1377
552 1378
2744 2894
3015 2744
1199 3195
1198 3196
3348 2112
3349 2585
1214 3358
3342 2705
1190 1781
3340 2707
1192 1782
3346 2714
3347 2717
3344 2719
3345 2721
1759 1783
1758 2586
1757 3202
1756 1784
1755 1785
1754 3203
1753 3204
1752 3205
1751 1786
1750 3206
1177 3629
1176 1787
1175 3207
1174 3630
1173 3208
1172 3209
1171 3210
1170 1788
1179 1379
1178 3631
1007 1862
754 3826
1006 3325
1005 1863
1285 3211
1284 1789
1287 3212
1286 1790
1281 1791
1280 3213
1283 3214
1282 1792
2819 2587
1003 3326
879 3746
1289 3215
1241 1973
1002 3327
876 3875
1579 3632
1578 1793
689 3747
1001 1531
877 3876
685 1537
684 1538
1571 3218
1000 1864
1577 29
680 1551
683 1539
1574 1387
1227 1865
819 3770
2818 2589
1349 1710
872 3878
1240 3716
1225 1866
873 3879
1224 3328
870 3880
1223 1533
871 3748
1222 3329
2037 2343
1221 1798
2740 1255
2747 2895
2743 2232
407 1542
406 1543
405 1647
1372 1392
403 1649
1374 1393
401 1652
400 1548
1379 1800
2033 2519
1219 3396
1342 1713
409 1395
408 1396
3834 492
3835 493
3836 494
3837 495
3830 496
3831 497
3832 498
3833 499
1344 3562
2030 2344
3838 500
3839 501
1345 2041
4031 432
4030 433
4033 434
4032 435
4034 436
4037 437
4036 438
4038 439
1347 2042
1018 1839
379 1399
378 1400
371 1401
370 1402
373 1403
372 1404
375 1405
374 1406
377 1407
376 1408
1130 3321
1244 2018
3205 2684
393 1409
392 1410
391 1411
390 1412
397 1413
396 1414
395 1415
394 1416
399 1417
398 1418
895 3884
2309 2345
2308 2346
2301 32
2300 2347
2303 2348
2302 33
2305 34
2304 35
2307 2349
2306 2350
3749 505
3746 506
3747 507
3744 508
3745 509
3742 510
3743 511
3740 512
3741 513
245 1076
244 1077
247 1078
246 1079
241 1080
240 1081
243 1082
242 1083
249 1084
248 1085
2275 2351
2274 36
2277 37
2276 2352
2271 2353
2270 38
2273 39
2272 40
2279 41
2278 2354
2459 3099
2458 42
2455 43
2454 2355
2456 44
2451 45
2450 46
2453 47
2452 48
179 1086
178 1087
177 1088
176 1089
175 1090
174 1091
173 1420
172 1092
171 1093
170 1094
2051 49
3699 1004
2053 50
2052 51
2055 2356
2054 52
2057 53
657 1624
3690 790
3691 791
3692 514
3693 515
3694 516
3695 517
3696 518
3697 519
970 3686
1501 3565
997 3570
652 1716
1507 1812
1110 3392
1367 3622
1504 2046
1839 3306
651 1718
3526 521
3527 522
3524 523
3525 524
3522 525
3523 526
3520 527
3521 528
3087 2596
3528 529
3529 530
1509 3566
3080 2286
1011 1844
3083 2599
2699 3945
2698 2255
2697 2600
2696 2601
2695 2118
2694 2119
1226 1797
3227 2134
2691 2604
2690 2605
1602 1468
1973 3102
1972 3103
3223 2606
1606 1469
3232 2121
3233 2608
3231 2122
3236 2609
1969 308
3234 2306
3235 2899
1964 309
1965 311
3238 2124
1967 1655
1960 312
1961 111
1962 2505
1611 1802
1363 3743
2873 2125
2872 2126
2871 2610
2870 2611
2877 2127
2876 2612
2875 2613
2874 2128
2879 3946
2878 2614
3355 2615
3354 2616
3357 2617
3356 2618
3351 2619
3350 2620
3353 2621
3352 2622
1360 3744
3359 2623
3358 2624
806 3764
1768 3230
1769 3231
1361 3624
1762 1423
1763 1424
1760 3636
1761 3232
1766 1425
1767 1426
1764 1803
1765 3233
1142 1427
1143 1804
1140 2625
1141 1805
1146 3234
1147 1806
1144 3637
1789 3471
1148 1807
1149 3235
686 3793
768 3885
769 3749
690 3750
2762 2824
1546 3638
1547 3236
1544 3513
1545 1428
1542 3237
1543 1429
1540 3238
1541 1808
698 3751
699 3752
1548 3639
1549 1430
542 1431
543 1432
540 1433
541 1434
546 1435
547 1436
544 1437
545 1438
548 1439
549 1440
760 3753
761 3754
1784 3640
2968 2903
764 3756
1627 3192
1256 3507
2799 3004
414 1441
415 1442
416 1443
417 1444
410 1698
411 1617
412 1445
413 1446
1384 3641
1385 1809
1387 3241
418 1709
419 1626
1382 1811
1383 3243
3827 533
3826 534
3825 535
3824 536
3823 537
3822 538
3821 539
2769 2197
3829 541
3828 542
2768 2823
1254 3706
2438 180
2763 2198
1305 3426
368 1447
369 1448
366 1449
367 1450
364 1451
365 1452
362 1453
363 1454
360 1455
361 1456
803 3760
1774 3258
1368 3745
380 1457
381 1458
382 1459
383 1460
384 1461
385 1462
386 1463
387 1464
388 1465
389 1813
2764 2827
3215 2627
1369 3625
1772 3260
1243 3540
1307 3683
1077 3477
3759 545
3758 546
3751 547
3750 548
3753 549
3752 550
3755 551
3754 552
3757 553
3756 554
2190 2364
2191 56
258 1127
2193 398
2194 57
909 3697
2196 58
2197 59
2198 407
2199 102
250 1100
251 1101
256 1102
257 1103
254 1104
255 1105
2200 2365
2201 2366
2202 3105
2203 60
2204 61
2205 62
2206 2367
2207 3171
2208 63
2209 64
1301 3427
1251 3652
3210 2629
2428 2368
2429 2369
906 3398
2420 65
2421 66
2422 67
2423 2370
2424 68
2425 414
2426 3172
2427 2371
2791 3007
168 1106
169 1107
164 1108
165 1109
166 1110
167 1111
160 1112
161 1113
162 1114
163 1115
3689 555
3688 556
3683 557
3682 558
3681 559
3680 560
3687 561
3686 562
3685 563
3684 564
2796 3008
3212 2630
2518 69
2519 70
2514 71
2515 3173
2516 72
2517 73
2510 74
2511 75
2512 76
2513 3174
2734 2631
2735 2632
2736 2633
2737 2634
2730 2635
2731 2130
2732 2636
2733 2637
2738 2131
2739 2638
3531 565
3530 566
3533 567
3532 568
3535 569
3534 570
3537 571
3536 572
3539 573
3538 574
1158 1821
1814 3245
1815 1814
1816 3246
1817 3247
1810 3248
1811 3249
1812 1815
1813 3250
1818 1817
1819 3251
1107 3359
1505 2595
1156 3263
1151 3264
1087 3526
2795 3009
1099 1984
2401 3179
1609 3252
1608 3253
3229 2132
3228 2133
1979 2372
1978 77
1977 183
3224 3059
1975 78
1974 205
3221 3068
3220 2313
1971 2373
1970 79
1555 3647
809 3758
808 3759
1375 3221
3201 2689
908 3694
800 3762
807 3763
1532 3492
805 3765
804 3766
2848 2640
2849 2641
2846 2642
2847 2643
2844 2644
2845 2645
2843 2646
2840 2647
2841 2648
3320 2649
3321 2650
3322 2651
3323 2652
3324 2135
3325 3947
3326 2653
3327 2654
3328 2655
3329 2656
1775 3257
3971 765
1777 1470
1776 1471
1771 3259
1770 1819
1773 1472
323 1309
1779 3261
320 1310
321 1311
326 1312
1551 3267
1159 1820
324 1314
2999 2658
1155 1474
1154 1475
1157 3262
325 1315
862 810
1150 3265
1153 3266
1152 1823
2807 2301
3038 2965
3039 2966
2998 2657
1550 1822
1553 3646
1552 3268
59 1116
58 1117
1557 3270
1556 3271
55 1123
54 1118
57 1119
56 1120
51 1121
50 1124
53 1125
52 1122
537 1476
536 1484
535 1477
534 1478
533 1479
532 1480
531 1481
530 1489
3036 2278
539 1482
538 1483
2993 2137
1558 3273
2994 2138
2995 2659
2805 3041
3294 2139
1868 3463
2996 2660
3295 2662
3033 2258
3296 2664
3297 2665
1902 3407
3291 2666
429 1485
428 1486
1900 3408
1399 3274
1398 3275
1397 1487
420 1642
423 1494
422 1654
425 1596
424 1495
427 1496
426 1488
3812 578
3813 579
3810 580
3811 581
3816 582
3817 583
3814 584
3815 585
3818 586
3819 888
1420 3581
850 3832
851 3767
852 3768
853 3833
1443 1490
2970 2922
2183 80
2182 81
2181 82
2180 83
2187 84
2186 85
229 1128
228 1169
227 1129
226 1130
225 1095
224 1187
223 1131
222 1132
221 1133
220 1134
2213 2377
2212 2378
2211 87
2210 2379
2217 88
2216 2380
2215 89
2214 90
2219 91
2218 2381
763 3911
864 3852
1160 3613
151 1135
150 1136
153 1137
152 1138
155 1139
154 1140
157 1141
156 1142
159 1143
158 1144
2431 92
2430 2382
2437 93
2436 94
2435 3106
2434 95
1161 3614
802 3761
2509 96
2508 97
2507 2383
2506 2384
2505 98
2504 2385
2503 99
2502 100
2501 101
2500 2386
2727 2668
2726 2140
2725 2669
2724 2670
2723 2671
2722 2672
2721 2673
2720 2674
2729 2142
2728 2675
3782 713
3783 979
3780 714
3781 592
3786 783
3787 715
3784 716
3785 717
3788 593
3789 594
1809 3282
1808 1492
3089 2593
1403 3714
3088 2594
3258 2676
3259 2677
1948 103
1949 104
1257 1994
3250 2143
1943 2456
1940 105
1941 106
1946 2462
1947 107
1944 108
1945 55
818 3769
0 1145
1527 3498
810 3771
1252 3736
812 3773
813 3774
814 3775
815 3776
816 3777
1521 3500
2859 2680
2858 2918
1522 3501
3206 2681
2851 2145
2850 2146
2853 2682
2852 2259
2855 2683
2854 2276
2857 2685
2856 2686
1490 1493
421 1631
1492 1828
3330 2775
3337 2849
1495 1829
1496 1830
1396 1824
1498 3287
1995 3119
3339 2147
3338 2688
1395 3276
3202 2148
1700 3288
1701 3289
1702 3290
1703 1831
1704 1832
1997 2506
1706 1833
1707 3291
1708 3655
1709 1834
1624 1779
1392 1825
1391 3278
1998 3098
2091 109
1390 3292
697 3897
2090 2412
1128 3293
1129 1835
2834 3961
1120 1836
1121 1837
1122 1497
1123 3294
1124 3295
1125 3296
1126 3297
1127 1838
3208 2580
2989 2691
2988 2149
3029 2150
3028 2692
2983 2693
3026 2260
2981 2151
2980 2694
2987 2152
2986 2153
2985 2154
2098 2415
524 1498
3953 532
526 1500
527 1501
520 1721
521 1722
522 1502
3952 727
312 1250
1015 1842
1016 3656
1017 3298
528 1635
302 1261
1012 1504
1013 1845
1234 1505
1235 1846
1236 1847
303 1262
1230 3299
1231 1848
1232 3657
1233 1849
304 1263
744 3840
1238 3300
1239 3301
1091 3485
3956 599
2526 2387
3955 600
307 1266
2831 2986
833 3914
2486 3175
438 1507
439 1508
436 1509
437 1510
434 1511
435 1512
432 1513
433 1514
430 1515
431 1516
3809 602
3808 603
3805 604
3804 605
3807 606
3806 607
3801 608
3800 609
3803 610
3802 611
743 3839
2864 2155
2865 2696
2866 2110
2868 2697
2869 2698
3082 2989
1851 3364
856 3831
3062 2833
1030 3667
3060 2835
995 3569
2949 2838
994 2054
2948 2203
927 3429
3316 2773
996 3571
238 1148
239 1149
234 1150
235 1151
236 1152
237 1153
230 1154
231 1155
232 1156
233 1157
1098 3702
3068 2701
1963 2390
2228 113
2229 2391
2226 114
2227 115
2224 116
2225 3108
2222 117
2223 118
2220 2392
2221 119
1 1158
1433 3720
3217 2702
146 1159
147 1160
144 1161
145 1162
142 1163
143 1164
140 1165
141 1166
999 3574
148 1167
149 1168
3401 2704
2088 2394
2089 120
3400 2159
2082 121
2083 2395
2080 122
2081 123
2086 2396
2087 124
2084 2397
2085 125
1537 3539
1191 3197
2538 3109
2539 2398
3343 2706
2532 2399
2533 126
2530 127
2531 128
2536 2400
2537 372
2534 129
2535 130
2712 2708
2713 2709
2710 2160
2711 2710
2716 2711
2717 2161
2714 2712
2715 2713
1195 3199
2718 2715
3093 2592
1194 3200
3409 2718
1197 3628
3408 2720
1196 3201
1832 3302
1833 3303
1830 1850
1831 1518
3799 975
1837 3658
1835 3305
3795 612
3794 613
3797 614
3796 977
3791 615
3790 616
3793 617
3792 618
2406 204
2155 131
2156 132
2405 133
2402 134
2151 135
2400 136
2153 137
933 1851
932 3307
931 1519
930 1520
2158 138
936 1521
935 1909
2409 2403
2829 2944
788 3810
3091 2723
1955 139
1954 140
1957 3110
1956 141
1951 3111
1950 3112
1953 2404
1952 142
1959 143
1958 3113
3249 2724
3248 2725
3096 2162
3243 2163
3242 2726
3241 2727
3240 2728
3247 2729
3246 2730
3245 2731
3244 2732
829 3779
828 3780
825 3781
824 3782
827 3783
826 3784
821 3785
820 3786
823 3787
822 3788
3097 2897
2284 3120
3092 2326
1482 1852
1481 1853
1480 3309
1487 1523
1486 3310
3308 2852
1484 3312
3306 2733
3307 2734
1489 1854
3305 3095
3302 2735
3303 2164
3300 2165
3301 2166
1713 1855
2147 2330
1711 3315
1710 3316
1717 3317
1716 1856
1715 1857
2410 2532
3050 2927
1719 3659
1718 144
2413 171
799 3789
798 3790
1270 3418
2412 146
2415 147
1272 3420
3095 2235
1139 1858
1273 2066
2141 148
3051 2866
1133 3319
1132 3320
1131 1859
2140 2420
1137 3661
1136 3662
1135 3322
1134 1860
2792 2628
1276 3421
2793 3006
714 3890
1277 1931
2790 2736
1439 3561
3018 2737
3019 2738
3012 2739
3013 2740
3010 2167
3011 2741
3016 2742
3017 2743
3014 2168
2797 2639
519 1528
518 1529
2794 2293
1009 1861
1008 3324
511 1380
510 1381
513 1382
512 1530
515 1384
514 1385
517 1386
516 1623
623 1388
622 1532
621 1389
620 1390
627 1006
626 1391
625 1534
1220 3330
629 1535
628 1010
1229 1867
1228 1868
2882 2745
2883 2746
2880 2169
2881 2747
2886 2748
2887 2170
2884 2171
2885 1170
2888 2172
2889 3949
2 1171
3878 619
3879 620
3196 2749
1561 3617
3870 621
3871 622
3872 623
3873 624
3874 625
3875 626
3876 627
3877 628
2958 2993
10 1172
13 1173
14 1174
17 1175
16 1176
19 1177
3118 2842
3274 2760
1598 3379
3275 2761
2959 3955
1924 3177
3194 2591
3904 629
3905 630
3906 631
3907 632
3900 633
3901 861
3902 634
3903 635
928 3664
1927 3114
3908 636
3909 637
1288 3216
3193 2173
2719 2716
929 3337
2742 2893
1534 2910
3192 2752
3090 2174
688 3791
201 1178
200 1179
203 1180
202 1181
205 1182
204 1183
207 1184
206 1185
208 1186
830 3794
1352 3583
1573 1794
831 3795
1572 3217
836 3796
687 3792
837 3797
2239 154
2238 155
1570 3219
834 3798
998 3575
2231 156
2230 157
2233 2408
2232 158
2235 159
2234 2409
2237 2410
2236 160
1575 1796
682 1540
2185 161
3498 643
3499 644
3496 645
3497 646
3494 647
3495 648
3492 649
3493 650
3490 651
3491 652
2095 2411
2094 162
2097 3115
2096 163
3658 653
3659 596
2093 2413
2092 2414
3654 654
3655 655
3656 656
3657 657
2099 164
3651 597
3652 658
3653 659
2525 165
2524 2416
2527 166
2188 2376
2521 2417
2520 2418
2523 167
2522 168
1303 1939
2529 169
2528 170
2749 2175
2709 2754
2708 2755
2705 2176
2704 1188
2707 2756
2706 2177
2701 2757
2700 2758
2703 3950
2702 2759
2748 2896
1829 1541
1828 1869
1825 3663
1824 1870
1827 3332
1826 3333
1821 3334
1820 1871
1823 3335
1822 3336
2411 176
2146 11
2145 145
2144 172
2143 173
2142 2406
2417 174
2416 182
2419 149
2418 2421
922 3339
923 3340
924 1872
925 3341
2149 151
2148 175
1920 177
3277 2884
1922 152
1923 153
3272 2762
1925 2407
1926 178
3271 2764
1928 3117
1929 2422
3278 2765
3279 2766
3474 662
3475 663
3476 638
3477 639
3470 640
3471 641
3472 642
3473 664
838 3799
839 3800
3478 665
3479 666
1365 3623
3 1189
1986 2423
1138 3660
3319 2769
3318 3951
1267 3343
3311 3952
3310 2770
3313 2771
3312 2772
3315 2178
3314 3953
3317 2179
21 1225
784 3801
785 3802
786 3803
787 3804
3331 2938
781 3806
1728 1873
1729 1874
1726 2774
1727 1875
1724 3344
1725 1876
1722 3345
1723 3346
1720 1877
1721 3347
2439 179
60 1190
61 1191
62 1192
63 1207
64 1193
65 1194
3003 1195
67 1209
68 1196
69 1197
3009 2777
3008 3954
2414 2419
1371 3633
2804 3040
1589 3348
1370 3220
1582 1878
1583 1879
1580 3349
1586 3350
1373 1799
1584 3351
1585 3352
2433 2425
1038 3353
404 1648
508 1544
2432 181
506 1671
507 1673
504 1676
505 1677
502 1562
503 1563
500 1564
501 1565
1212 1545
631 1571
632 1011
633 1573
634 1574
635 1015
636 1575
637 1546
639 1547
1218 3669
1376 3223
1394 3648
1378 3634
780 3805
782 3807
2899 2180
2898 2821
2895 2779
2894 2780
2897 2181
2896 2196
2891 2182
2890 2183
2893 2781
2892 2782
1454 1887
1455 1694
1104 1914
1980 3168
1102 2001
1451 1888
1100 1889
1453 1550
1458 3362
1459 1890
1108 1891
1109 1892
3869 668
3868 669
3863 670
3862 671
3861 672
3860 673
3867 674
3866 675
3865 676
3864 761
1894 1893
1895 3670
681 1012
1897 1998
691 3895
1890 3509
1891 3510
1892 3707
1576 1795
3917 680
3916 681
3915 682
3914 683
3913 684
3912 685
3911 686
3910 687
3919 688
3918 689
3070 2809
1393 3277
1914 3127
216 1198
217 1199
214 1200
212 1201
213 1202
211 1203
1530 3504
218 1204
219 1205
920 3338
3094 2785
957 2082
956 3711
789 3809
4 1206
1976 3101
3489 690
3488 691
3481 692
3480 693
3483 694
3482 695
3485 696
3484 697
3487 698
3486 699
938 3671
3649 700
3648 701
3647 702
3646 703
3645 704
3644 705
3643 706
3642 707
3641 708
3640 709
2550 2427
2551 2565
2552 2428
2553 2429
2554 2430
2555 185
2556 2431
2557 314
2558 186
2559 2432
3007 2787
2396 187
2397 188
2394 189
2395 2472
2392 2433
2393 2434
2390 190
2391 2435
3001 2788
2398 191
2399 192
2778 2789
2779 2790
66 1208
2770 2791
2771 2792
2772 2793
2773 2290
2774 2794
2775 2795
2776 2796
2777 2186
2802 3035
2803 3036
3164 3037
1858 3363
1859 1895
3165 3038
921 3323
1850 1896
3162 3039
1852 3365
1853 1554
1854 3366
1855 1897
1856 3367
1857 1898
2172 2436
2173 194
2170 3178
2171 3118
2176 338
2177 195
2174 196
2175 197
915 1555
914 1900
2178 339
2179 2521
910 1556
913 1902
912 1557
2604 2437
2605 198
2606 2438
2607 2439
2600 2440
2601 2441
2602 2442
2603 199
1457 3361
2608 200
2609 201
1933 340
1932 202
3263 2800
1930 355
1937 359
1936 360
3267 2804
1934 361
3269 2189
3268 2806
1939 203
1938 2443
1424 3727
3467 881
3466 882
3465 711
3464 883
3463 885
3462 886
3461 887
3460 889
1090 1983
3469 910
3468 911
1632 3602
3364 2190
3365 2991
2050 3100
1193 3198
1587 1880
2407 2444
1739 1903
1738 1904
1731 3369
1730 3370
1733 3672
1732 1905
1735 3371
1734 3372
1737 3373
1736 3374
2404 2445
796 3939
753 3820
1807 1826
751 3821
750 3822
757 3823
756 3824
755 3825
1806 3649
759 3827
509 1560
1805 3280
1595 2051
1032 1881
3072 2992
1596 2052
1591 2031
3075 2994
3076 2811
1592 1906
3078 2288
3079 2813
2956 2191
2957 2814
2950 2997
2951 2998
2952 2192
2953 2275
1025 1561
1450 2783
1027 3381
1031 3355
1021 1907
1801 1491
1023 3673
1022 3383
1036 1882
1115 1912
1029 3384
1028 3385
1037 1883
1034 3356
1035 1884
605 1566
604 1567
606 1568
601 1569
600 1016
603 1570
1213 1885
1205 3387
1204 1908
1207 3388
609 1572
1210 1719
1203 3674
1202 3390
1211 3357
1216 3668
468 1738
3108 2193
3109 3056
3104 2194
3105 2815
3106 2816
1215 1910
3100 2817
3101 2818
3102 2819
3103 2820
1447 3391
1446 1668
1113 1753
1444 1911
5 1331
1114 1576
1117 3393
1440 3394
1118 3676
1351 3584
1449 3395
1448 1913
1350 2021
1357 1740
1356 1741
1355 2064
489 1581
488 1582
487 1583
486 1584
485 1585
484 1586
483 1587
482 1588
481 1589
480 1590
991 3572
2009 3149
790 3944
1803 3650
990 3000
695 3828
3922 719
3923 720
3920 721
3921 722
3926 723
3927 724
3924 725
3925 726
3928 728
3929 729
1802 3651
993 3573
3857 730
3854 731
3855 732
3852 733
3850 734
3851 735
992 3723
3858 736
3859 737
3005 2786
3283 3957
1800 3281
1567 3742
3004 2185
2288 2464
900 3642
199 1210
198 1592
3664 739
195 1211
194 1212
197 1213
196 1214
191 1215
190 1216
193 1217
192 1218
3678 740
3679 741
3672 742
3673 743
3670 744
3671 745
3676 746
3677 747
3674 748
3675 749
2543 2446
1106 1970
2541 207
2540 208
2547 209
2546 2448
2545 2449
2544 210
3006 2822
1274 3729
2549 2450
2548 211
1456 3360
2381 2451
2380 212
2383 2452
2382 213
2385 214
2384 215
2387 2453
2386 2454
2389 216
2388 217
1103 1915
3580 750
3581 751
3582 540
3583 543
3584 752
3585 753
3586 754
3587 755
3588 544
3589 575
2761 2199
2760 2825
2767 3956
2766 2200
2765 2826
3668 974
902 1916
903 3677
1849 3397
1848 1917
3000 2195
907 3399
904 3400
905 1593
1843 3401
1842 3402
1841 1918
1840 1919
1847 1920
1846 3403
1845 3404
1844 1594
1942 2455
2169 218
2168 219
3251 2678
2165 2457
2164 2458
2167 220
2166 221
2161 222
2160 223
2163 224
2162 225
2617 226
2616 227
2615 2459
2614 310
2613 2460
2612 228
2611 2461
2610 229
3254 2679
2619 2463
2618 230
3298 2830
3256 2831
1908 3678
1909 3405
1906 1921
1907 1922
1904 1923
3257 2144
3290 1126
1903 1924
3292 2667
1901 1595
3452 502
855 3830
3450 587
857 756
3456 589
3457 757
3454 758
3455 590
3458 759
3459 760
858 3834
859 3835
3293 2201
1186 3737
6 1219
811 3772
1184 3604
817 3778
1554 3269
740 3836
741 3837
742 3838
2575 2470
948 1643
745 3841
746 3842
747 3843
748 3844
749 3845
1799 3514
3063 2832
3361 2808
3061 2834
2913 2263
3067 2836
3066 2837
3065 2157
3064 2158
2947 2839
2946 2204
2945 2205
2944 2206
2943 2207
2942 2840
2941 2841
2940 2208
1050 3409
1051 1925
1052 1926
1053 3679
1054 3410
1055 3411
1056 3412
1518 3586
1058 3413
1059 3414
718 3888
1696 3415
1697 3416
1694 1597
1695 1598
1692 1599
1693 3681
1690 1927
1691 1928
715 3846
1698 3682
1699 1929
1278 3417
1279 1930
618 1600
619 1601
612 1524
1271 3419
610 1525
611 1602
616 1603
617 1604
614 1526
615 1009
711 3847
710 3848
3333 2210
1180 3607
3119 2211
3332 2767
3117 2212
3116 2843
3115 2844
3114 2213
3113 2845
3112 2846
3111 2847
3110 2848
1472 1932
1473 1933
1470 3422
1471 3423
1476 3424
1477 3425
1474 1934
1475 1935
1494 3654
1478 1605
1479 1936
3336 2850
1304 1937
2594 250
1306 1938
3150 2980
1300 1606
3335 2778
1302 3428
2595 251
3334 2851
1308 1940
1309 1941
2597 252
498 1607
499 1608
2590 2476
1499 3684
494 1609
495 1610
496 1611
497 1612
490 1613
491 1614
492 1615
493 1616
24 1220
25 1221
26 1222
27 1223
20 1224
2592 253
22 1226
23 1227
2593 2478
28 1228
29 1229
901 3643
2591 2477
3262 2801
3939 763
3938 764
3934 766
3937 767
3936 768
3931 769
3930 770
3933 771
3932 772
3265 2802
1516 3588
1705 3685
1601 3644
3841 773
3840 774
3843 775
3842 776
3845 777
3844 778
3847 779
3846 780
3849 781
3848 782
1600 3254
1604 3256
874 3877
1603 3430
3266 2805
7 1230
1879 3433
3665 738
2289 233
3667 784
3666 785
3661 786
3660 787
3663 788
3662 789
2280 234
2281 235
2282 236
2283 237
3669 660
2285 238
2286 239
2287 2465
1605 3255
972 3435
2578 2466
2579 2467
2576 2468
2577 240
2574 2469
2056 2357
2572 241
2573 2471
2570 242
2571 243
2059 2358
2378 3121
2379 244
2058 2359
2374 2473
2375 245
2376 2474
2377 246
2370 2475
2371 247
2372 248
2373 249
3593 503
3592 504
3591 792
3590 762
3597 481
3596 520
3595 976
3594 531
3599 793
3598 794
2598 254
2599 255
1876 1943
1877 3431
1874 3432
1875 1944
1872 1945
1873 1946
1870 1618
1871 1947
1083 3527
1878 1619
1082 2077
977 1948
976 1620
975 1949
974 1950
973 3434
1081 2050
971 1951
2119 341
596 2012
979 3687
978 3436
182 1231
183 1232
180 1233
181 1234
186 1235
187 1236
184 1237
185 1238
2110 256
2111 257
188 1239
2113 265
2114 258
2115 2479
2116 3122
2117 259
2622 3180
2623 2480
2620 3123
2621 260
2626 3124
2627 3125
2624 2481
2625 2482
2628 261
2629 262
1919 3126
1918 2483
3289 2853
3288 2854
3287 2870
1910 1622
1913 263
1912 270
1915 313
2112 2547
1917 2507
1916 264
869 3849
868 795
189 1240
3449 796
3448 797
3141 2942
3445 806
3444 798
3447 807
3446 799
865 821
3440 812
3443 813
3442 814
2756 2226
2757 2215
2026 266
2755 2228
2020 2485
2021 2486
2750 2216
2023 267
2828 2943
3239 2859
2028 268
2029 269
2758 2860
1502 2043
882 3855
881 3856
880 3857
887 3858
886 3859
885 3860
884 3861
889 3862
888 3863
1340 3567
2824 2947
2825 2948
1503 2044
353 1748
1500 2045
352 1749
775 3864
774 3865
777 3866
776 3867
771 3868
770 3869
773 3870
772 3871
779 3872
778 3873
77 1241
76 1242
75 1243
2979 2862
73 1244
72 1245
71 1246
70 1247
3056 2252
3057 2863
3054 2219
2971 2864
3052 2253
2977 2220
79 1307
78 1267
1043 3688
1042 1952
1041 1953
1040 3438
1047 3439
1046 3440
1045 3689
1044 1954
1049 3441
1048 3442
1681 1955
1680 1956
1683 3443
1682 1957
1685 3444
359 1752
1687 3690
1686 1958
1689 3445
1688 3446
1380 3242
3025 2222
1269 3447
1268 2002
669 1627
1263 1628
666 1675
665 1020
664 1629
663 1630
662 1018
661 1021
660 1678
1911 3437
1242 3541
3021 2871
3286 2224
3020 2872
3285 2873
3128 2874
3284 2214
525 1499
3122 2875
3123 2225
3120 2876
3121 2877
3126 2878
3127 2879
3124 2880
3282 2881
1469 1960
3281 2855
1465 271
8 1285
1467 3450
3280 2882
1461 3451
1460 3452
1463 3453
1019 1840
1317 3454
1316 1962
1315 1963
1314 3692
1313 1633
1312 3455
1311 1964
1310 1965
3276 2883
523 1503
1319 3693
1318 1634
1014 1841
767 3755
926 3342
1010 1843
529 1637
861 3850
712 3891
863 3851
3948 808
3949 809
319 1248
318 1306
3403 2885
3940 710
3441 800
311 1251
310 1252
317 1146
316 1253
315 1254
314 1147
3299 2886
1237 1506
867 3853
1804 3377
1618 3224
866 3854
2024 3128
3402 2887
2025 3130
2754 2227
1335 3534
2027 3129
1334 3535
2752 2856
1337 3536
2753 2857
3405 2888
1336 3537
2022 3131
2751 2889
1330 3456
1333 3715
1332 1691
3404 2890
3273 2763
2693 2602
1039 3354
2692 2603
630 1646
2759 2217
3407 2891
3270 2750
3610 815
3611 816
3612 980
2298 274
3614 817
3615 818
3616 819
3617 820
2293 275
3619 982
2291 277
2290 2488
2297 3132
2296 278
2295 279
2294 280
2982 3948
3406 2892
2568 281
2561 2489
2560 2490
2563 2491
2562 282
2565 283
2564 2492
2567 284
2566 412
2369 2493
2368 285
2367 286
2366 287
2365 3133
2364 3134
2363 2494
2362 288
2361 289
2360 290
2587 291
2586 2495
2585 3135
2584 2496
2583 3136
2582 292
2581 293
2580 294
1612 3227
402 1650
2589 295
2588 296
1861 3457
1860 3458
1863 3459
1862 1966
3728 1003
1864 3461
1867 3462
1866 3695
3724 470
3725 803
3726 822
3727 823
3720 824
3721 825
3722 826
3723 827
964 1968
965 1969
966 3464
967 3465
960 3466
961 3467
962 1651
963 3696
968 1971
969 1972
2109 2497
2108 2498
1607 3645
2103 2499
2102 297
2101 298
2100 299
2107 300
2106 301
2105 302
2104 2500
2639 3137
2638 2501
2635 303
2634 304
2637 305
2636 3138
2631 2502
2630 2503
2633 3139
2632 306
3438 829
3439 978
878 3874
1536 1974
3430 2114
3431 2588
3432 3060
3433 2230
3434 2590
3435 2115
3436 2117
3437 830
2741 2231
2036 30
2035 31
2034 337
2745 2233
2032 416
2031 1
2746 2234
9 1256
1245 2017
2039 307
2038 27
890 3881
1431 3559
893 3882
894 3883
1247 1977
896 1975
897 3468
898 1801
899 3469
1246 2019
2984 2898
783 3808
1249 1976
1248 2020
1968 3140
3237 2123
3544 831
3545 832
3546 833
3547 834
3540 835
3541 836
3542 837
3543 838
1619 3225
3548 839
3549 840
1616 1422
1617 3226
1538 3543
1966 2508
3069 2900
2965 2901
2964 2626
2967 2129
2966 2116
2961 2236
2960 2237
2963 2238
2962 2902
1780 3472
1781 2084
1782 3473
1783 1978
2969 2239
1785 1942
1786 1979
1613 3228
3049 2904
3048 2905
1610 3229
3041 2906
3040 2240
3043 2907
3042 2241
3045 2242
3044 2243
3047 2244
3046 2908
707 3905
1078 3474
1079 3475
1076 3476
1535 3331
1074 3478
1075 3479
1072 1980
1073 3699
1070 1981
1071 3480
1678 3481
1679 1656
3030 2245
1674 3482
1675 3483
1676 3700
1677 1657
1670 3484
1671 1658
1672 1982
1673 1659
1094 1660
1095 1661
1097 3701
678 1536
679 1466
1092 3486
1093 1816
675 1019
676 1662
677 1663
670 1008
671 1467
672 1664
673 1665
3135 2246
3134 2911
3137 2247
3136 2912
3131 2913
3130 2248
3133 2914
3132 2915
3139 2249
3138 2916
1533 3717
1622 3487
1418 1985
1419 3488
1410 3703
1411 3489
1412 1986
1413 1987
1414 1988
1415 1989
1416 3490
1417 1990
1322 1991
1323 3491
1320 1667
1321 3279
1326 3493
1327 3494
1324 1992
1325 3704
1328 3705
1329 3495
1621 3191
2494 3167
1531 1993
1620 3496
3618 841
1524 3497
1525 1827
1526 1724
1255 3283
1520 3499
1253 3244
1250 3284
1523 3502
1588 3665
1528 3503
1529 1995
1258 1996
1259 1818
308 1257
309 1258
3959 842
3958 843
300 1259
301 1260
3951 718
3950 661
3957 598
305 1264
306 1265
3954 601
1792 3505
1626 3193
2978 2250
1468 3691
3058 2919
3059 2251
988 2072
2972 3958
989 1997
2973 2921
3341 2869
3055 2924
1057 3680
2976 2865
1105 3506
3053 2926
2974 2221
2975 2695
980 3599
3603 844
3602 845
3601 846
3600 847
3607 848
3606 849
3605 850
3604 851
3609 852
3608 853
984 2075
2478 2509
2074 2563
3032 2928
2990 2929
2358 318
2359 2510
2352 2511
2353 2512
2350 2513
2351 319
2356 2514
2357 320
2354 2515
2355 321
2991 2930
112 1353
1898 3508
1899 1999
3739 854
3738 855
3737 856
3736 857
3735 858
3734 859
3733 677
3732 678
3731 679
3730 860
2136 2516
2137 322
2134 323
2135 324
2132 325
2133 326
2130 327
2131 2517
951 3708
950 3709
953 3511
952 3512
955 3710
954 2000
2138 328
2139 2426
1442 3593
1684 2867
2648 3141
2649 193
2640 3142
2641 329
2642 330
2643 331
2644 332
2645 3143
2646 2518
2647 3144
1441 3594
3429 2931
3428 2256
3423 3959
3422 2932
3421 2933
3420 2934
3427 2935
3426 2257
3425 2936
3424 2937
2002 333
2003 334
2000 3145
2001 3146
2006 3147
2007 335
2004 3148
2005 2520
2008 336
3027 2751
719 3887
2118 2522
3557 862
3556 863
3555 864
3554 865
3553 866
3552 867
3551 868
3550 869
3559 870
3558 871
667 1674
1262 3448
717 3889
919 1899
2997 2663
1261 1959
2910 2261
2911 2262
2912 2202
1260 2039
2914 2939
2915 2264
2916 2328
2917 2209
2918 2784
2919 2265
1791 3515
1790 1672
1797 3516
1796 3600
1795 3517
1794 2003
3024 2868
716 3892
1264 2048
917 1901
1069 3518
1068 3519
916 3368
1061 3712
1060 2004
1063 3520
1062 2005
1065 2006
1064 1679
1067 2007
1066 2008
3023 2266
1669 3521
1668 3522
1667 2009
1666 2940
1665 3523
1664 2010
1663 3524
1662 3525
1661 2011
1660 1680
591 1773
590 1681
1085 884
592 1683
595 1017
594 446
597 1684
1080 1621
599 1022
598 1685
1089 2013
1088 3713
3140 2941
3022 2223
3142 2267
3143 2268
3144 2858
3145 2828
3146 2945
3147 2946
3148 2861
3149 2218
2826 2949
2827 2269
2820 2950
2821 2270
2822 2951
2823 2952
3386 2953
3387 2271
3384 2272
3385 2954
3382 3960
3383 2955
3380 2956
3381 2957
3388 2273
3389 2958
713 3893
1409 3528
1408 1686
1905 3406
1402 3529
1401 3530
1400 1687
1407 3531
1406 2014
1405 3532
1404 2015
449 1688
448 1689
1339 3533
1338 2016
1491 3285
693 3894
443 1638
442 1639
441 1640
440 1641
1331 3538
446 1690
445 1644
444 1645
3129 2304
696 3896
1631 1705
1024 3380
3261 2799
39 1268
38 1269
694 3898
3260 2959
33 1270
32 1271
31 1272
30 1273
36 1274
35 1275
34 1692
641 1756
640 1014
643 1005
642 1697
645 1666
644 1383
647 1023
646 1419
649 1693
648 1653
3098 2274
3099 2960
1539 3542
3264 2803
1493 3653
339 1276
338 1277
334 1278
337 1279
336 1280
331 1281
330 1282
333 1283
332 1284
2061 3150
3125 2961
3898 872
3899 873
3892 874
3893 875
3890 876
3891 877
3896 878
3897 879
3894 880
3895 712
847 3811
846 3812
1111 3733
3195 2299
844 3813
1464 1632
843 3814
842 3815
1353 3728
2542 2447
841 3816
840 3817
3966 890
3967 891
3964 892
3965 893
3962 894
3963 895
3960 896
3961 897
3200 2690
1497 3286
1462 1961
3968 898
3969 899
1101 3545
3638 900
3639 901
3636 902
3637 903
3634 904
3635 905
3632 906
3633 907
3630 908
3631 909
1637 3560
849 3818
848 3819
1991 3107
2345 342
2344 343
2347 2523
2346 3151
2341 344
2340 2524
2343 345
2342 346
3197 2964
2349 3181
2348 2525
3253 2829
2067 2527
3708 912
1889 3718
1888 3546
3702 926
3703 913
3700 927
3701 928
3706 929
3707 930
3704 914
3705 915
2121 2528
2120 347
2123 2529
2122 2530
2125 348
2124 2531
2127 349
2126 363
2129 364
2128 365
944 2026
945 2049
942 2027
943 2028
940 2029
941 2030
1594 3375
2659 3152
2658 3153
2653 350
2652 351
2651 352
2650 3182
2657 3154
2656 353
2655 2533
2654 2544
133 1286
132 1287
131 1288
130 1289
137 1290
136 354
135 1291
134 1292
1931 3155
139 1293
138 1294
3418 2967
3419 2968
1354 2065
2019 2534
2018 3156
2015 356
2014 3157
2017 357
2016 3158
2011 3159
2010 358
2013 3160
2012 3161
1452 3719
1793 3551
3562 916
3563 917
3560 918
3561 919
3566 920
3567 921
3564 922
3565 923
3034 2969
3568 924
3569 925
2903 2970
2902 2971
2901 2972
2900 2973
2907 2321
2906 2322
2905 2277
3035 2974
704 3902
705 3903
2909 2323
2908 2229
700 3906
701 3907
702 3908
703 3909
1935 3162
88 1295
89 1296
1593 3722
82 1297
83 1298
80 1299
81 1300
86 1301
87 1302
84 1303
85 1304
762 3910
1658 2032
1659 3553
1652 3554
1388 3239
1650 2033
1651 3556
1656 2975
1657 1699
1654 1700
1655 2034
586 1701
587 1702
584 1703
3037 2976
582 1028
583 1024
580 1704
581 1368
3216 2977
588 1706
589 1707
3153 2279
3152 2978
3151 2979
1985 2361
3157 2981
3156 2982
2839 2280
2838 1305
2837 2281
1634 2080
2835 2282
3158 2141
2833 2984
2832 2985
1348 2040
1983 2535
1436 2035
3390 2107
3393 2578
1435 2036
1432 2037
3394 2320
1430 1708
3396 2917
3399 2283
3398 2581
3213 2113
1438 2038
1381 1810
458 1558
459 1559
450 1711
451 1712
452 1394
453 1714
454 1397
455 1591
456 1715
457 1398
1377 3222
1887 2022
1886 3563
1885 2023
766 3912
1884 2024
3368 2987
1883 3547
832 3913
1266 3564
1882 1695
656 1669
313 1249
654 1625
655 1421
1506 1577
653 1717
650 1007
3941 667
3085 2284
3084 2285
1508 2047
3086 2597
3081 2988
3942 591
658 1025
659 1029
3943 931
1599 3378
3944 811
1265 3449
3945 932
3946 933
3947 934
3885 935
3884 936
3887 937
3886 938
3881 939
3880 940
3883 941
3882 942
949 2025
3889 943
3888 944
946 3548
947 3549
765 3757
1778 1473
2815 2287
569 1696
4009 447
4000 448
4001 449
4002 450
4003 451
4004 452
4005 440
4006 453
4007 454
322 1308
3970 801
3973 802
3972 576
3975 577
327 1313
3977 804
3976 805
3979 945
3978 946
328 1316
329 1317
3629 947
3628 948
758 3916
3621 949
3620 950
3623 951
3622 952
3625 953
3624 954
3627 588
3626 955
1881 1720
2330 366
2331 2374
2332 367
2333 368
2334 2536
2335 369
2336 370
2337 3163
2338 371
2339 2537
1341 3568
1597 3376
3073 2184
1880 3721
3074 2810
835 3917
1590 3552
3715 956
3714 957
3717 958
3716 959
3711 960
3710 595
3713 961
3712 962
3077 2995
3719 963
3718 964
2954 2812
2955 2996
2488 373
2489 2538
1343 2053
2487 362
2484 2539
2485 2540
2482 2541
2483 374
2480 375
2481 110
3252 2999
2248 376
2249 377
2244 2542
2245 378
2246 379
2247 380
2240 2543
2241 381
2242 382
2243 383
2464 2388
2465 112
2466 3176
2467 2389
2460 2484
2461 273
2462 2504
2463 231
2468 2393
2469 2526
120 1318
121 1319
122 1320
123 1321
124 1322
125 1323
126 1324
127 1325
128 1326
129 1327
1020 2055
3416 3001
3379 3002
3417 2289
1921 3116
3378 3003
3414 2291
2068 384
2069 2545
2798 2292
3415 2920
1187 3738
2060 2546
3412 2925
2062 385
2063 2362
2064 2363
2065 386
2066 206
3413 2254
1346 3576
1185 3605
3410 3011
1182 3606
3411 3013
3255 3014
3372 3015
1086 3577
1181 3608
3579 965
3578 966
3575 967
3574 968
3577 969
3576 970
3571 971
3573 972
3572 973
2666 2294
2667 3017
2664 2295
2665 3018
2662 3019
2663 2296
2660 3164
2661 3020
722 3918
2668 3021
2669 2297
2938 3022
2939 3023
2936 3024
2937 3025
2934 3026
2935 3027
2932 3028
2933 3029
2930 3030
2931 2298
1559 3272
1836 3304
1645 1723
1644 3578
1647 2056
1646 2057
1641 3724
1640 2058
1643 3579
1642 3031
1649 2059
1648 3725
728 3919
792 3920
729 3921
1838 3580
579 1725
578 1013
573 1726
572 1727
571 1728
570 1729
577 1026
576 1027
575 1730
574 1731
2808 3032
2809 2300
3168 3033
3169 3034
3166 2187
3167 2797
2800 2188
2801 2798
2806 2136
3163 2156
3160 2699
3161 2700
1421 3726
2154 2401
1423 2060
1422 1732
1425 1733
3369 2807
1427 1734
1426 2061
1429 2062
1428 2063
3366 3042
3367 3043
3360 3044
939 1735
3362 2302
3363 2303
731 3922
730 3923
733 3924
2157 3165
735 3925
734 3926
737 3927
1564 3620
739 3929
2150 2360
1084 3550
2403 387
1359 3582
1358 1736
469 1737
2152 232
465 1549
464 1636
467 1578
466 1739
461 1552
460 1579
463 1580
462 1553
937 2067
2159 3166
1519 3585
2408 2402
1515 2068
1514 1742
1517 3587
934 3544
1511 3626
1510 2069
1513 3589
1512 1743
959 3590
3395 3045
1275 2070
1004 3591
958 3730
1798 3731
3184 2305
3185 3046
3186 3047
3187 3048
3180 3049
3181 3050
3182 3051
723 3931
3188 3052
3189 3053
3214 3054
1896 3732
3397 3055
4019 455
4018 456
4013 457
4012 458
4011 459
4017 460
4016 461
4014 462
357 1744
356 1745
355 1746
354 1747
3988 445
3989 441
351 1750
350 1751
3985 463
3986 464
3987 465
3980 466
3981 467
3982 444
3983 468
3107 3057
2299 2487
3613 981
845 3899
1033 3666
2323 2548
2322 415
2321 389
2320 3183
2327 390
2326 2549
2325 391
2324 2550
2329 2551
2328 392
1445 3675
289 1328
288 1329
1112 3592
2292 276
281 1330
280 1096
283 1332
282 1333
285 1334
284 1335
286 1344
3760 983
3761 984
3762 985
3763 986
3764 987
3765 828
3766 988
3767 989
3768 990
3769 991
1116 3595
263 1336
262 1337
261 1338
260 1339
267 1340
266 1341
265 1342
264 1343
269 1345
268 1346
1562 3734
2499 2552
2498 393
1291 3619
1893 2071
3225 2598
2491 394
2490 3184
2493 395
2492 2553
2495 2554
2192 3104
2497 396
2496 397
259 1097
1566 1771
2259 399
2258 2555
2257 2556
2256 400
2255 3185
2254 315
2253 2557
2252 401
2251 402
2250 403
2477 2558
2476 2559
2475 316
2474 184
2473 404
2472 405
2471 406
982 3597
983 3598
2830 3058
981 2073
986 2074
987 3735
2479 317
985 2076
115 1347
252 1098
117 1348
116 1349
111 1350
110 1351
113 1352
253 1099
119 1354
118 1355
2785 3061
2784 3062
2787 3063
2786 2307
2781 3064
2780 3065
2783 3066
2782 2308
2789 2309
2788 3067
2078 2560
2073 2561
2072 408
2071 409
2070 410
2077 2562
2076 3186
2075 411
3226 2120
1389 3240
3508 992
3509 993
1026 3382
3500 994
3501 995
3502 996
3503 997
3504 998
3505 999
3506 1000
3507 1001
2671 2722
2670 3962
2673 2310
2672 3069
2675 3070
2674 3071
2677 3072
2676 2311
2679 2312
2678 3073
1209 3601
2929 2314
2928 2315
2921 3074
2920 2316
2923 3075
2922 3076
2925 2317
2924 2318
2927 2319
2926 3077
1208 3386
708 3900
709 3901
1630 2078
1987 413
1984 2424
1633 2079
1982 54
1635 2081
1636 1894
1981 272
1638 2083
1639 3603
2904 3078
3218 3079
3219 3080
1988 3187
1989 2564
3222 2607
706 3904
568 1757
2814 1356
2817 3081
2816 3082
2811 3083
2810 2324
2813 3084
2812 3085
560 1758
561 1759
562 1760
563 1761
564 1762
565 1763
566 1764
567 1765
3179 3086
3178 3087
3171 3088
3170 3089
3173 3090
3172 3091
3175 3092
3174 2325
3177 3093
3176 3094
1483 3308
1188 2085
1189 2086
3377 2962
3376 3005
3375 2963
3374 3010
3373 3012
1183 2087
3371 2703
3370 3016
726 3932
727 3933
724 3934
725 3935
1748 2088
1749 2089
720 3936
721 3937
1744 1766
1745 2090
1746 3609
1747 3739
1740 1767
1741 3610
1742 2091
1743 1768
1164 3611
1165 3612
1166 2092
1167 2093
1614 3470
1485 3311
1162 3615
1163 3616
1623 3190
3309 3963
1168 2094
1169 2095
3304 2327
1366 2096
1488 3313
48 1357
49 1358
46 1359
47 1360
44 1361
45 1362
42 1363
1364 2101
40 1364
41 1365
1568 3740
1569 2097
1298 2098
1299 2099
1788 3741
1292 2100
1362 2102
1290 3618
1563 3596
1296 1778
1565 1770
1294 1754
1295 1755
797 3938
3191 2990
1712 3314
3190 2753
795 3940
794 3941
793 3942
3698 1002
791 3943
732 3886
1201 3621
1714 3318
472 1775
473 1517
470 1769
471 1522
476 1527
477 1670
474 1772
475 1774
1865 3460
478 1776
479 1777
3199 2768
3198 2567
